-2.982471138238906860e-03
-3.022648161277174950e-03
-3.063641255721449852e-03
-3.105473006144165993e-03
-3.148166229948401451e-03
-3.191745840013027191e-03
-3.236235352233052254e-03
-3.281660610809922218e-03
-3.328047459945082664e-03
-3.375423373654484749e-03
-3.423817455768585205e-03
-3.473258111625909805e-03
-3.523775376379489899e-03
-3.575403243303298950e-03
-3.628170583397150040e-03
-3.682115348055958748e-03
-3.737268969416618347e-03
-3.793670795857906342e-03
-3.851356683298945427e-03
-3.910366911441087723e-03
-3.970741759985685349e-03
-4.032522905617952347e-03
-4.095756448805332184e-03
-4.160485696047544479e-03
-4.226760007441043854e-03
-4.294627346098423004e-03
-4.364139866083860397e-03
-4.435352981090545654e-03
-4.508318379521369934e-03
-4.583097994327545166e-03
-4.659749101847410202e-03
-4.738337360322475433e-03
-4.818926099687814713e-03
-4.901586100459098816e-03
-4.986385349184274673e-03
-5.073401611298322678e-03
-5.162710789591073990e-03
-5.254395306110382080e-03
-5.348540376871824265e-03
-5.445232149213552475e-03
-5.544563289731740952e-03
-5.646633449941873550e-03
-5.751541815698146820e-03
-5.859394092112779617e-03
-5.970302969217300415e-03
-6.084381137043237686e-03
-6.201753858476877213e-03
-6.322550121694803238e-03
-6.446900311857461929e-03
-6.574945524334907532e-03
-6.706831976771354675e-03
-6.842722184956073761e-03
-6.982766557484865189e-03
-7.127144373953342438e-03
-7.276035845279693604e-03
-7.429624442011117935e-03
-7.588114589452743530e-03
-7.751713506877422333e-03
-7.920645177364349365e-03
-8.095138706266880035e-03
-8.275443688035011292e-03
-8.461813442409038544e-03
-8.654531091451644897e-03
-8.853879757225513458e-03
-9.060166776180267334e-03
-9.273716248571872711e-03
-9.494865313172340393e-03
-9.723988361656665802e-03
-9.961456991732120514e-03
-1.020768843591213226e-02
-1.046310272067785263e-02
-1.072816923260688782e-02
-1.100337039679288864e-02
-1.128921657800674438e-02
-1.158626377582550049e-02
-1.189508941024541855e-02
-1.221631560474634171e-02
-1.255060546100139618e-02
-1.289865188300609589e-02
-1.326120924204587936e-02
-1.363905891776084900e-02
-1.403305400162935257e-02
-1.444408949464559555e-02
-1.487312000244855881e-02
-1.532114855945110321e-02
-1.578925177454948425e-02
-1.627856865525245667e-02
-1.679029129445552826e-02
-1.732568070292472839e-02
-1.788605563342571259e-02
-1.847279630601406097e-02
-1.908731833100318909e-02
-1.973107084631919861e-02
-2.040553465485572815e-02
-2.111214771866798401e-02
-2.185229957103729248e-02
-2.262725681066513062e-02
-2.343809418380260468e-02
-2.428554929792881012e-02
-2.516991086304187775e-02
-2.609076537191867828e-02
-2.704675495624542236e-02
-2.803515084087848663e-02
-2.905137464404106140e-02
-3.008830174803733826e-02
-3.113538771867752075e-02
-3.217750415205955505e-02
-3.319340199232101440e-02
-3.415390476584434509e-02
-3.501953557133674622e-02
-3.573774173855781555e-02
-3.623983263969421387e-02
-3.643763810396194458e-02
-3.622054308652877808e-02
-3.545356914401054382e-02
-3.397755324840545654e-02
-3.161313384771347046e-02
-2.816970460116863251e-02
-2.346089668571949005e-02
-1.732598803937435150e-02
-9.654807858169078827e-03
-4.108019056729972363e-04
1.035508792847394943e-02
2.250642515718936920e-02
3.584283590316772461e-02
5.013744533061981201e-02
6.518175452947616577e-02
8.082688599824905396e-02
9.701186418533325195e-02
1.137761175632476807e-01
1.312585175037384033e-01
1.496889591217041016e-01
1.693777590990066528e-01
1.907074451446533203e-01
2.141285538673400879e-01
2.401594519615173340e-01
2.693878710269927979e-01
3.024711310863494873e-01
3.401293456554412842e-01
3.831225335597991943e-01
4.321977198123931885e-01
4.879854917526245117e-01
5.508179664611816406e-01
6.204392313957214355e-01
6.955928802490234375e-01
7.735291719436645508e-01
8.495873212814331055e-01
9.171699881553649902e-01
9.685089588165283203e-01
9.963949322700500488e-01
9.964123368263244629e-01
9.685648083686828613e-01
9.172751903533935547e-01
8.497614264488220215e-01
7.738030552864074707e-01
6.960104107856750488e-01
6.210609078407287598e-01
5.517234206199645996e-01
4.892764985561370850e-01
4.340003728866577148e-01
3.855909407138824463e-01
3.434495329856872559e-01
3.068662881851196289e-01
2.751250267028808594e-01
2.475570738315582275e-01
2.235643118619918823e-01
2.026257663965225220e-01
1.842943578958511353e-01
1.681902110576629639e-01
1.539921760559082031e-01
1.414294838905334473e-01
1.302739679813385010e-01
1.203331425786018372e-01
1.114446222782135010e-01
1.034707352519035339e-01
9.629465639591217041e-02
8.981697261333465576e-02
8.395263552665710449e-02
7.862882316112518311e-02
7.378283888101577759e-02
6.936062872409820557e-02
6.531531363725662231e-02
6.160628423094749451e-02
5.819798260927200317e-02
5.505944415926933289e-02
5.216348916292190552e-02
4.948616400361061096e-02
4.700642079114913940e-02
4.470558464527130127e-02
4.256712645292282104e-02
4.057634994387626648e-02
3.872014582157135010e-02
3.698683157563209534e-02
3.536592796444892883e-02
3.384803235530853271e-02
3.242471441626548767e-02
3.108835779130458832e-02
2.983211167156696320e-02
2.864974364638328552e-02
2.753563970327377319e-02
2.648470178246498108e-02
2.549226954579353333e-02
2.455413714051246643e-02
2.366643026471138000e-02
2.282563969492912292e-02
2.202854119241237640e-02
2.127217687666416168e-02
2.055384032428264618e-02
1.987104676663875580e-02
1.922149211168289185e-02
1.860307902097702026e-02
1.801385916769504547e-02
1.745202951133251190e-02
1.691593788564205170e-02
1.640403084456920624e-02
1.591489836573600769e-02
1.544720400124788284e-02
1.499972306191921234e-02
1.457131467759609222e-02
1.416091714054346085e-02
1.376753859221935272e-02
1.339025143533945084e-02
1.302819512784481049e-02
1.268056873232126236e-02
1.234661601483821869e-02
1.202562823891639709e-02
1.171695068478584290e-02
1.141996122896671295e-02
1.113408245146274567e-02
1.085876300930976868e-02
1.059349905699491501e-02
1.033780165016651154e-02
1.009122282266616821e-02
9.853332303464412689e-03
9.623731486499309540e-03
9.402034804224967957e-03
9.187888354063034058e-03
8.980956859886646271e-03
8.780914358794689178e-03
8.587466552853584290e-03
8.400322869420051575e-03
8.219212293624877930e-03
8.043882437050342560e-03
7.874087430536746979e-03
7.709601428359746933e-03
7.550203241407871246e-03
7.395683322101831436e-03
7.245848421007394791e-03
7.100511342287063599e-03
6.959490943700075150e-03
6.822623778134584427e-03
6.689745932817459106e-03
6.560702342540025711e-03
6.435348186641931534e-03
6.313547492027282715e-03
6.195165216922760010e-03
6.080073770135641098e-03
5.968154408037662506e-03
5.859290715306997299e-03
5.753373727202415466e-03
5.650296807289123535e-03
5.549959372729063034e-03
5.452267359942197800e-03
5.357127636671066284e-03
5.264452658593654633e-03
5.174157209694385529e-03
5.086162593215703964e-03
5.000388249754905701e-03
4.916762467473745346e-03
4.835214000195264816e-03
4.755674861371517181e-03
4.678079392760992050e-03
4.602364730089902878e-03
4.528468474745750427e-03
4.456337541341781616e-03
4.385914187878370285e-03
4.317143931984901428e-03
4.249976947903633118e-03
4.184361081570386887e-03
4.120253026485443115e-03
4.057604353874921799e-03
3.996371757239103317e-03
3.936513327062129974e-03
3.877988085150718689e-03
3.820756683126091957e-03
3.764781868085265160e-03
3.710026387125253677e-03
3.656454151496291161e-03
3.604034660384058952e-03
3.552732057869434357e-03
3.502515144646167755e-03
3.453355515375733376e-03
3.405221737921237946e-03
3.358086105436086655e-03
3.311921376734972000e-03
3.266700543463230133e-03
3.222399856895208359e-03
3.178993007168173790e-03
3.136456245556473732e-03
3.094766288995742798e-03
