0.000000000000000000e+00
0.000000000000000000e+00
0.000000000000000000e+00
0.000000000000000000e+00
0.000000000000000000e+00
0.000000000000000000e+00
0.000000000000000000e+00
0.000000000000000000e+00
0.000000000000000000e+00
0.000000000000000000e+00
0.000000000000000000e+00
0.000000000000000000e+00
0.000000000000000000e+00
0.000000000000000000e+00
0.000000000000000000e+00
0.000000000000000000e+00
0.000000000000000000e+00
0.000000000000000000e+00
0.000000000000000000e+00
0.000000000000000000e+00
0.000000000000000000e+00
0.000000000000000000e+00
0.000000000000000000e+00
0.000000000000000000e+00
0.000000000000000000e+00
0.000000000000000000e+00
0.000000000000000000e+00
0.000000000000000000e+00
0.000000000000000000e+00
0.000000000000000000e+00
0.000000000000000000e+00
0.000000000000000000e+00
0.000000000000000000e+00
0.000000000000000000e+00
0.000000000000000000e+00
0.000000000000000000e+00
0.000000000000000000e+00
0.000000000000000000e+00
0.000000000000000000e+00
0.000000000000000000e+00
0.000000000000000000e+00
0.000000000000000000e+00
0.000000000000000000e+00
0.000000000000000000e+00
0.000000000000000000e+00
0.000000000000000000e+00
0.000000000000000000e+00
0.000000000000000000e+00
0.000000000000000000e+00
0.000000000000000000e+00
0.000000000000000000e+00
0.000000000000000000e+00
0.000000000000000000e+00
2.802596928649634142e-45
1.821688003622262192e-44
1.527415326114050607e-43
1.217728365498266035e-42
9.489593200407661204e-42
7.234483581769733092e-41
5.395041126604475468e-40
3.935479474729961152e-39
2.808133739141874359e-38
1.959997731505401681e-37
1.338108109587574907e-36
8.935956813368294444e-36
5.837031993378266110e-35
3.729558425943547700e-34
2.331078398735537889e-33
1.425107049736347793e-32
8.522214730784975971e-32
4.985113555396570806e-31
2.852344941592318164e-30
1.596369476665276117e-29
8.739482494227968370e-29
4.680105579875716388e-28
2.451479826134563599e-27
1.256031189603497015e-26
6.295014497538432600e-26
3.086128878332605730e-25
1.479849317045449966e-24
6.941555503082421088e-24
3.184885803133067913e-23
1.429355628178442088e-22
6.274912155264140256e-22
2.694466528383328590e-21
1.131776059855685334e-20
4.649943468443706953e-20
1.868755453887289653e-19
7.346321301029915882e-19
2.824858394610694981e-18
1.062521685912428323e-17
3.909143740106791622e-17
1.406829478207480950e-16
4.952323709910076265e-16
1.705260917214223952e-15
5.743702886760624834e-15
1.892318190978205944e-14
6.098303150436565345e-14
1.922360789432739359e-13
5.927548491109491113e-13
1.787806664863000883e-12
5.274406345706639243e-12
1.522112817731180456e-11
4.296620004229367851e-11
1.186373221884196028e-10
3.204240761611742982e-10
8.465219636377696588e-10
2.187580561141544422e-09
5.529690039196566431e-09
1.367257329576432312e-08
3.306802653924023616e-08
7.823100389714454650e-08
1.810336556218317128e-07
4.097768453448225046e-07
9.073021942640480120e-07
1.965016508620465174e-06
4.162860932410694659e-06
8.626315320725552738e-06
1.748533031786791980e-05
3.466819907771423459e-05
6.723574915667995811e-05
1.275499089388176799e-04
2.366860862821340561e-04
4.296096740290522575e-04
7.627583108842372894e-04
1.324681681580841541e-03
2.250333782285451889e-03
3.739314852282404900e-03
6.077853962779045105e-03
9.663144126534461975e-03
1.502787694334983826e-02
2.286061085760593414e-02
3.401641547679901123e-02
4.951100796461105347e-02
7.048951834440231323e-02
9.816556423902511597e-02
1.337226331233978271e-01
1.781810224056243896e-01
2.322358489036560059e-01
2.960790991783142090e-01
3.692303597927093506e-01
4.503999352455139160e-01
5.374152660369873047e-01
6.272386908531188965e-01
7.160883545875549316e-01
7.996712327003479004e-01
8.735090494155883789e-01
9.333281517028808594e-01
9.754663705825805664e-01
9.972437620162963867e-01
9.972437620162963867e-01
9.754663705825805664e-01
9.333281517028808594e-01
8.735090494155883789e-01
7.996712327003479004e-01
7.160883545875549316e-01
6.272386908531188965e-01
5.374152660369873047e-01
4.503999352455139160e-01
3.692303597927093506e-01
2.960790991783142090e-01
2.322358489036560059e-01
1.781810224056243896e-01
1.337226331233978271e-01
9.816556423902511597e-02
7.048951834440231323e-02
4.951100796461105347e-02
3.401641547679901123e-02
2.286061085760593414e-02
1.502787694334983826e-02
9.663144126534461975e-03
6.077853962779045105e-03
3.739314852282404900e-03
2.250333782285451889e-03
1.324681681580841541e-03
7.627583108842372894e-04
4.296096740290522575e-04
2.366860862821340561e-04
1.275499089388176799e-04
6.723574915667995811e-05
3.466819907771423459e-05
1.748533031786791980e-05
8.626315320725552738e-06
4.162860932410694659e-06
1.965016508620465174e-06
9.073021942640480120e-07
4.097768453448225046e-07
1.810336556218317128e-07
7.823100389714454650e-08
3.306802653924023616e-08
1.367257329576432312e-08
5.529690039196566431e-09
2.187580561141544422e-09
8.465219636377696588e-10
3.204240761611742982e-10
1.186373221884196028e-10
4.296620004229367851e-11
1.522112817731180456e-11
5.274406345706639243e-12
1.787806664863000883e-12
5.927548491109491113e-13
1.922360789432739359e-13
6.098303150436565345e-14
1.892318190978205944e-14
5.743702886760624834e-15
1.705260917214223952e-15
4.952323709910076265e-16
1.406829478207480950e-16
3.909143740106791622e-17
1.062521685912428323e-17
2.824858394610694981e-18
7.346321301029915882e-19
1.868755453887289653e-19
4.649943468443706953e-20
1.131776059855685334e-20
2.694466528383328590e-21
6.274912155264140256e-22
1.429355628178442088e-22
3.184885803133067913e-23
6.941555503082421088e-24
1.479849317045449966e-24
3.086128878332605730e-25
6.295014497538432600e-26
1.256031189603497015e-26
2.451479826134563599e-27
4.680105579875716388e-28
8.739482494227968370e-29
1.596369476665276117e-29
2.852344941592318164e-30
4.985113555396570806e-31
8.522214730784975971e-32
1.425107049736347793e-32
2.331078398735537889e-33
3.729558425943547700e-34
5.837031993378266110e-35
8.935956813368294444e-36
1.338108109587574907e-36
1.959997731505401681e-37
2.808133739141874359e-38
3.935479474729961152e-39
5.395041126604475468e-40
7.234483581769733092e-41
9.489593200407661204e-42
1.217728365498266035e-42
1.527415326114050607e-43
1.821688003622262192e-44
2.802596928649634142e-45
0.000000000000000000e+00
0.000000000000000000e+00
0.000000000000000000e+00
0.000000000000000000e+00
0.000000000000000000e+00
0.000000000000000000e+00
0.000000000000000000e+00
0.000000000000000000e+00
0.000000000000000000e+00
0.000000000000000000e+00
0.000000000000000000e+00
0.000000000000000000e+00
0.000000000000000000e+00
0.000000000000000000e+00
0.000000000000000000e+00
0.000000000000000000e+00
0.000000000000000000e+00
0.000000000000000000e+00
0.000000000000000000e+00
0.000000000000000000e+00
0.000000000000000000e+00
0.000000000000000000e+00
0.000000000000000000e+00
0.000000000000000000e+00
0.000000000000000000e+00
0.000000000000000000e+00
0.000000000000000000e+00
0.000000000000000000e+00
0.000000000000000000e+00
0.000000000000000000e+00
0.000000000000000000e+00
0.000000000000000000e+00
0.000000000000000000e+00
0.000000000000000000e+00
0.000000000000000000e+00
0.000000000000000000e+00
0.000000000000000000e+00
0.000000000000000000e+00
0.000000000000000000e+00
0.000000000000000000e+00
0.000000000000000000e+00
0.000000000000000000e+00
0.000000000000000000e+00
0.000000000000000000e+00
0.000000000000000000e+00
0.000000000000000000e+00
0.000000000000000000e+00
0.000000000000000000e+00
0.000000000000000000e+00
0.000000000000000000e+00
0.000000000000000000e+00
0.000000000000000000e+00
0.000000000000000000e+00
