-5.354543100111186504e-05
-5.179804429644718766e-05
-4.996439747628755867e-05
-4.804139098268933594e-05
-4.602444823831319809e-05
-4.391052789287641644e-05
-4.169544990872964263e-05
-3.937485598726198077e-05
-3.694459883263334632e-05
-3.440054933889769018e-05
-3.173750883433967829e-05
-2.895072975661605597e-05
-2.603514985821675509e-05
-2.298520485055632889e-05
-1.979602711799088866e-05
-1.646152850298676640e-05
-1.297622566198697314e-05
-9.332737135991919786e-06
-5.525480901269474998e-06
-1.547707825011457317e-06
2.607896476547466591e-06
6.948811915208352730e-06
1.148199316958198324e-05
1.621631781745236367e-05
2.115967618010472506e-05
2.632064752106089145e-05
3.170833588228560984e-05
3.733220364665612578e-05
4.320219159126281738e-05
4.932752926833927631e-05
5.571993096964433789e-05
6.239025969989597797e-05
6.935028068255633116e-05
7.661113340873271227e-05
8.418620564043521881e-05
9.208888513967394829e-05
1.003318102448247373e-04
1.089292927645146847e-04
1.178982274723239243e-04
1.272513327421620488e-04
1.370060490444302559e-04
1.471790164941921830e-04
1.577874791109934449e-04
1.688510237727314234e-04
1.803870545700192451e-04
1.924170501297339797e-04
2.049603644991293550e-04
2.180393348680809140e-04
2.316771860932931304e-04
2.458966628182679415e-04
2.607230562716722488e-04
2.761816431302577257e-04
2.922992571257054806e-04
3.091036633122712374e-04
3.266254207119345665e-04
3.448947099968791008e-04
3.639433125499635935e-04
3.838051343336701393e-04
4.045145469717681408e-04
4.261089197825640440e-04
4.486280959099531174e-04
4.721093573607504368e-04
4.965974367223680019e-04
5.221351166255772114e-04
5.487705930136144161e-04
5.765513051301240921e-04
6.055280682630836964e-04
6.357578095048666000e-04
6.672936724498867989e-04
7.001980557106435299e-04
7.345335907302796841e-04
7.703668088652193546e-04
8.077677339315414429e-04
8.468113956041634083e-04
8.875756757333874702e-04
9.301449172198772430e-04
9.746075957082211971e-04
1.021058880724012852e-03
1.069598249159753323e-03
1.120332162827253342e-03
1.173375640064477921e-03
1.228849054314196110e-03
1.286884304136037827e-03
1.347620622254908085e-03
1.411207602359354496e-03
1.477806363254785538e-03
1.547590014524757862e-03
1.620745984837412834e-03
1.697476836852729321e-03
1.778000034391880035e-03
1.862552948296070099e-03
1.951391575857996941e-03
2.044795081019401550e-03
2.143068239092826843e-03
2.246543765068054199e-03
2.355581615120172501e-03
2.470579696819186211e-03
2.591973170638084412e-03
2.720240270718932152e-03
2.855906728655099869e-03
2.999551594257354736e-03
3.151817945763468742e-03
3.313414519652724266e-03
3.485125955194234848e-03
3.667831188067793846e-03
3.862503683194518089e-03
4.070234019309282303e-03
4.292237572371959686e-03
4.529885016381740570e-03
4.784714896231889725e-03
5.058461334556341171e-03
5.353088956326246262e-03
5.670823622494935989e-03
6.014202255755662918e-03
6.386120803654193878e-03
6.789888720959424973e-03
7.229325827211141586e-03
7.708831224590539932e-03
8.233512751758098602e-03
8.809303864836692810e-03
9.443154558539390564e-03
1.014322787523269653e-02
1.091917138546705246e-02
1.178244315087795258e-02
1.274673826992511749e-02
1.382853183895349503e-02
1.504776440560817719e-02
1.642878353595733643e-02
1.800152100622653961e-02
1.980309560894966125e-02
2.187999524176120758e-02
2.429099008440971375e-02
2.711126953363418579e-02
3.043812327086925507e-02
3.439909592270851135e-02
3.916394338011741638e-02
4.496209323406219482e-02
5.210915580391883850e-02
6.104774028062820435e-02
7.241191715002059937e-02
8.713106065988540649e-02
1.066019162535667419e-01
1.329779475927352905e-01
1.696611046791076660e-01
2.221199870109558105e-01
2.991100251674652100e-01
4.137304425239562988e-01
5.804216265678405762e-01
7.934272885322570801e-01
9.717708826065063477e-01
9.721594452857971191e-01
7.943812608718872070e-01
5.815897583961486816e-01
4.149035513401031494e-01
3.002094328403472900e-01
2.231279313564300537e-01
1.705819368362426758e-01
1.338222920894622803e-01
1.073810607194900513e-01
8.785524219274520874e-02
7.308983802795410156e-02
6.168672069907188416e-02
5.271527916193008423e-02
4.554041475057601929e-02
3.971872106194496155e-02
3.493390977382659912e-02
3.095601126551628113e-02
2.761484868824481964e-02
2.478249557316303253e-02
2.236137352883815765e-02
2.027605473995208740e-02
1.846755109727382660e-02
1.688920520246028900e-02
1.550375204533338547e-02
1.428113318979740143e-02
1.319689489901065826e-02
1.223100163042545319e-02
1.136689260601997375e-02
1.059080380946397781e-02
9.891212917864322662e-03
9.258413687348365784e-03
8.684189990162849426e-03
8.161548525094985962e-03
7.684510201215744019e-03
7.247930392622947693e-03
6.847370881587266922e-03
6.478978320956230164e-03
6.139412987977266312e-03
5.825747735798358917e-03
5.535416770726442337e-03
5.266168154776096344e-03
5.016011185944080353e-03
4.783187527209520340e-03
4.566134419292211533e-03
4.363459534943103790e-03
4.173924215137958527e-03
3.996418789029121399e-03
3.829947672784328461e-03
3.673614235594868660e-03
3.526614280417561531e-03
3.388222772628068924e-03
3.257777076214551926e-03
3.134685102850198746e-03
3.018402727320790291e-03
2.908439142629504204e-03
2.804344985634088516e-03
2.705708378925919533e-03
2.612158423289656639e-03
2.523350063711404800e-03
2.438967581838369370e-03
2.358723198994994164e-03
2.282352186739444733e-03
2.209607744589447975e-03
2.140265656635165215e-03
2.074116840958595276e-03
2.010967582464218140e-03
1.950640929862856865e-03
1.892970525659620762e-03
1.837803283706307411e-03
1.784997410140931606e-03
1.734419027343392372e-03
1.685945200733840466e-03
1.639461028389632702e-03
1.594859757460653782e-03
1.552041503600776196e-03
1.510911388322710991e-03
1.471382798627018929e-03
1.433373894542455673e-03
1.396807609125971794e-03
1.361612230539321899e-03
1.327720237895846367e-03
1.295067952014505863e-03
1.263596233911812305e-03
1.233248505741357803e-03
1.203972613438963890e-03
1.175718265585601330e-03
1.148438546806573868e-03
1.122089568525552750e-03
1.096629421226680279e-03
1.072018989361822605e-03
1.048220437951385975e-03
1.025199075229465961e-03
1.002921140752732754e-03
9.813554352149367332e-04
9.604713995940983295e-04
9.402414434589445591e-04
9.206379181705415249e-04
9.016357944346964359e-04
8.832107414491474628e-04
8.653390686959028244e-04
8.479998214170336723e-04
8.311718120239675045e-04
8.148348424583673477e-04
7.989702280610799789e-04
7.835602737031877041e-04
7.685879827477037907e-04
7.540363585576415062e-04
7.398899761028587818e-04
7.261344580911099911e-04
7.127553108148276806e-04
6.997387972660362720e-04
6.870719953440129757e-04
6.747427396476268768e-04
6.627392722293734550e-04
6.510501843877136707e-04
6.396643002517521381e-04
6.285716663114726543e-04
6.177621544338762760e-04
6.072263931855559349e-04
5.969549529254436493e-04
5.869393935427069664e-04
5.771711585111916065e-04
5.676425644196569920e-04
5.583451129496097565e-04
5.492720520123839378e-04
5.404162220656871796e-04
5.317705799825489521e-04
5.233285482972860336e-04
5.150838405825197697e-04
5.070304614491760731e-04
4.991624737158417702e-04
4.914742894470691681e-04
4.839605535380542278e-04
4.766159981954842806e-04
4.694354429375380278e-04
4.624144348781555891e-04
4.555479681584984064e-04
4.488317354116588831e-04
4.422613710630685091e-04
4.358327423688024282e-04
4.295418038964271545e-04
4.233845393173396587e-04
4.173573106527328491e-04
4.114564217161387205e-04
4.056784382555633783e-04
4.000200424343347549e-04
3.944780619349330664e-04
3.890492662321776152e-04
3.837304248008877039e-04
3.785187145695090294e-04
