-6.349209696054458618e-03
-6.425813771784305573e-03
-6.503692362457513809e-03
-6.582872942090034485e-03
-6.663376931101083755e-03
-6.745230872184038162e-03
-6.828459445387125015e-03
-6.913085002452135086e-03
-6.999135483056306839e-03
-7.086631841957569122e-03
-7.175602950155735016e-03
-7.266074884682893753e-03
-7.358070928603410721e-03
-7.451617624610662460e-03
-7.546742912381887436e-03
-7.643472403287887573e-03
-7.741826586425304413e-03
-7.841839455068111420e-03
-7.943532429635524750e-03
-8.046930655837059021e-03
-8.152060210704803467e-03
-8.258947171270847321e-03
-8.367614820599555969e-03
-8.478085510432720184e-03
-8.590386249125003815e-03
-8.704537525773048401e-03
-8.820561692118644714e-03
-8.938482031226158142e-03
-9.058314375579357147e-03
-9.180077351629734039e-03
-9.303788654506206512e-03
-9.429464116692543030e-03
-9.557116776704788208e-03
-9.686761535704135895e-03
-9.818400256335735321e-03
-9.952042251825332642e-03
-1.008769124746322632e-02
-1.022534631192684174e-02
-1.036500837653875351e-02
-1.050666067749261856e-02
-1.065029483288526535e-02
-1.079589407891035080e-02
-1.094343699514865875e-02
-1.109288726001977921e-02
-1.124421507120132446e-02
-1.139737386256456375e-02
-1.155231148004531860e-02
-1.170896925032138824e-02
-1.186727453023195267e-02
-1.202714070677757263e-02
-1.218847464770078659e-02
-1.235117297619581223e-02
-1.251510065048933029e-02
-1.268013101071119308e-02
-1.284610014408826828e-02
-1.301282830536365509e-02
-1.318011898547410965e-02
-1.334775052964687347e-02
-1.351547148078680038e-02
-1.368300430476665497e-02
-1.385003980249166489e-02
-1.401623524725437164e-02
-1.418121065944433212e-02
-1.434453949332237244e-02
-1.450575888156890869e-02
-1.466435194015502930e-02
-1.481974590569734573e-02
-1.497131399810314178e-02
-1.511836983263492584e-02
-1.526014320552349091e-02
-1.539580896496772766e-02
-1.552445720881223679e-02
-1.564508117735385895e-02
-1.575659401714801788e-02
-1.585780270397663116e-02
-1.594742573797702789e-02
-1.602405123412609100e-02
-1.608617603778839111e-02
-1.613217033445835114e-02
-1.616028323769569397e-02
-1.616865769028663635e-02
-1.615531370043754578e-02
-1.611817628145217896e-02
-1.605505123734474182e-02
-1.596369221806526184e-02
-1.584177277982234955e-02
-1.568695716559886932e-02
-1.549692172557115555e-02
-1.526940613985061646e-02
-1.500226184725761414e-02
-1.469357591122388840e-02
-1.434169244021177292e-02
-1.394537650048732758e-02
-1.350390724837779999e-02
-1.301721669733524323e-02
-1.248604245483875275e-02
-1.191210281103849411e-02
-1.129825878888368607e-02
-1.064872182905673981e-02
-9.969203732907772064e-03
-9.267180226743221283e-03
-8.551954291760921478e-03
-7.834915071725845337e-03
-7.129626814275979996e-03
-6.451940163969993591e-03
-5.820082500576972961e-03
-5.254683084785938263e-03
-4.778783768415451050e-03
-4.417838528752326965e-03
-4.199769347906112671e-03
-4.154991358518600464e-03
-4.316590726375579834e-03
-4.720598459243774414e-03
-5.406394600868225098e-03
-6.417181342840194702e-03
-7.800385355949401855e-03
-9.607732295989990234e-03
-1.189444214105606079e-02
-1.471657305955886841e-02
-1.812554150819778442e-02
-2.215775847434997559e-02
-2.681732177734375000e-02
-3.204983472824096680e-02
-3.770679235458374023e-02
-4.350741207599639893e-02
-4.901511967182159424e-02
-5.366067588329315186e-02
-5.684241652488708496e-02
-5.808770656585693359e-02
-5.717796087265014648e-02
-5.413651466369628906e-02
-4.919180274009704590e-02
-4.296255111694335938e-02
-3.666567802429199219e-02
-3.172206878662109375e-02
-2.891713380813598633e-02
-2.806240320205688477e-02
-2.836507558822631836e-02
-2.893906831741333008e-02
-2.908843755722045898e-02
-2.838313579559326172e-02
-2.663940191268920898e-02
-2.387487888336181641e-02
-2.026534080505371094e-02
-1.610279083251953125e-02
-1.175540685653686523e-02
-7.625997066497802734e-03
-4.107952117919921875e-03
-1.542747020721435547e-03
-1.820921897888183594e-04
-1.581311225891113281e-04
-1.468420028686523438e-03
-3.975272178649902344e-03
-7.420301437377929688e-03
-1.145190000534057617e-02
-1.566171646118164062e-02
-1.962292194366455078e-02
-2.292865514755249023e-02
-2.522301673889160156e-02
-2.622574567794799805e-02
-2.574765682220458984e-02
-2.369731664657592773e-02
-2.008289098739624023e-02
-1.500862836837768555e-02
-8.668780326843261719e-03
-1.342535018920898438e-03
6.612300872802734375e-03
1.476460695266723633e-02
2.262070775032043457e-02
2.964654564857482910e-02
3.531479835510253906e-02
3.918972611427307129e-02
4.105019569396972656e-02
4.101699590682983398e-02
3.960499167442321777e-02
3.762114048004150391e-02
3.591930866241455078e-02
3.514373302459716797e-02
3.559836745262145996e-02
3.726795315742492676e-02
3.992290794849395752e-02
4.323474317789077759e-02
4.686546325683593750e-02
5.052129924297332764e-02
5.397575348615646362e-02
5.707227066159248352e-02
5.971580371260643005e-02
6.186020001769065857e-02
6.349563598632812500e-02
6.463769078254699707e-02
6.531847268342971802e-02
6.558011472225189209e-02
6.546983867883682251e-02
6.503651291131973267e-02
6.432835757732391357e-02
6.339120119810104370e-02
6.226758658885955811e-02
6.099614873528480530e-02
5.961137264966964722e-02
5.814356356859207153e-02
5.661894753575325012e-02
5.505989119410514832e-02
5.348523706197738647e-02
5.191056802868843079e-02
5.034858733415603638e-02
4.880945757031440735e-02
4.730111733078956604e-02
4.582963138818740845e-02
4.439943283796310425e-02
4.301361739635467529e-02
4.167413711547851562e-02
4.038206115365028381e-02
3.913771733641624451e-02
3.794085234403610229e-02
3.679075837135314941e-02
3.568639978766441345e-02
3.462647646665573120e-02
3.360952064394950867e-02
3.263394534587860107e-02
3.169811144471168518e-02
3.080032579600811005e-02
2.993890829384326935e-02
2.911219745874404907e-02
2.831857465207576752e-02
2.755646407604217529e-02
2.682435140013694763e-02
2.612077817320823669e-02
2.544437162578105927e-02
2.479378879070281982e-02
2.416779473423957825e-02
2.356519736349582672e-02
2.298487909138202667e-02
2.242575213313102722e-02
2.188683114945888519e-02
2.136716432869434357e-02
2.086584642529487610e-02
2.038203552365303040e-02
1.991492882370948792e-02
1.946376450359821320e-02
1.902783662080764771e-02
1.860645785927772522e-02
1.819900237023830414e-02
1.780485734343528748e-02
1.742344535887241364e-02
1.705422997474670410e-02
1.669669710099697113e-02
1.635035127401351929e-02
1.601473987102508545e-02
1.568942144513130188e-02
1.537397410720586777e-02
1.506800856441259384e-02
1.477114204317331314e-02
1.448301412165164948e-02
1.420329511165618896e-02
1.393165439367294312e-02
1.366778556257486343e-02
1.341138873249292374e-02
1.316219009459018707e-02
1.291991863399744034e-02
1.268432196229696274e-02
1.245515048503875732e-02
1.223217789083719254e-02
1.201517786830663681e-02
1.180394366383552551e-02
1.159826666116714478e-02
1.139795687049627304e-02
1.120282616466283798e-02
1.101269572973251343e-02
1.082739979028701782e-02
1.064677070826292038e-02
1.047065481543540955e-02
1.029890123754739761e-02
1.013136748224496841e-02
9.967911057174205780e-03
9.808408096432685852e-03
9.652728214859962463e-03
9.500748477876186371e-03
9.352352470159530640e-03
9.207425639033317566e-03
9.065865539014339447e-03
8.927564136683940887e-03
8.792421780526638031e-03
8.660343475639820099e-03
8.531235158443450928e-03
8.405011147260665894e-03
8.281582966446876526e-03
8.160869590938091278e-03
8.042789995670318604e-03
7.927270606160163879e-03
7.814234122633934021e-03
7.703610230237245560e-03
7.595332339406013489e-03
7.489333860576152802e-03
7.385549135506153107e-03
7.283915299922227859e-03
7.184376940131187439e-03
7.086874451488256454e-03
6.991353817284107208e-03
6.897758226841688156e-03
6.806037388741970062e-03
