-6.349209696054458618e-03
-6.425813771784305573e-03
-6.503692362457513809e-03
-6.582872942090034485e-03
-6.663376931101083755e-03
-6.745230872184038162e-03
-6.828459445387125015e-03
-6.913085002452135086e-03
-6.999135483056306839e-03
-7.086631841957569122e-03
-7.175602950155735016e-03
-7.266074884682893753e-03
-7.358070928603410721e-03
-7.451617624610662460e-03
-7.546742912381887436e-03
-7.643472403287887573e-03
-7.741826586425304413e-03
-7.841839455068111420e-03
-7.943532429635524750e-03
-8.046930655837059021e-03
-8.152060210704803467e-03
-8.258947171270847321e-03
-8.367614820599555969e-03
-8.478085510432720184e-03
-8.590386249125003815e-03
-8.704537525773048401e-03
-8.820561692118644714e-03
-8.938482031226158142e-03
-9.058314375579357147e-03
-9.180077351629734039e-03
-9.303788654506206512e-03
-9.429464116692543030e-03
-9.557116776704788208e-03
-9.686761535704135895e-03
-9.818400256335735321e-03
-9.952042251825332642e-03
-1.008769124746322632e-02
-1.022534631192684174e-02
-1.036500837653875351e-02
-1.050666067749261856e-02
-1.065029483288526535e-02
-1.079589407891035080e-02
-1.094343699514865875e-02
-1.109288726001977921e-02
-1.124421507120132446e-02
-1.139737386256456375e-02
-1.155231148004531860e-02
-1.170896925032138824e-02
-1.186727453023195267e-02
-1.202714070677757263e-02
-1.218847464770078659e-02
-1.235117204487323761e-02
-1.251509971916675568e-02
-1.268013007938861847e-02
-1.284609828144311905e-02
-1.301282551139593124e-02
-1.318011526018381119e-02
-1.334774401038885117e-02
-1.351546216756105423e-02
-1.368299033492803574e-02
-1.385001931339502335e-02
-1.401620451360940933e-02
-1.418116502463817596e-02
-1.434447243809700012e-02
-1.450566109269857407e-02
-1.466420944780111313e-02
-1.481954008340835571e-02
-1.497101690620183945e-02
-1.511794235557317734e-02
-1.525953225791454315e-02
-1.539493910968303680e-02
-1.552322413772344589e-02
-1.564334146678447723e-02
-1.575414836406707764e-02
-1.585438288748264313e-02
-1.594266295433044434e-02
-1.601744815707206726e-02
-1.607706025242805481e-02
-1.611964218318462372e-02
-1.614314131438732147e-02
-1.614530757069587708e-02
-1.612364687025547028e-02
-1.607541739940643311e-02
-1.599757000803947449e-02
-1.588676311075687408e-02
-1.573926582932472229e-02
-1.555097289383411407e-02
-1.531731989234685898e-02
-1.503324229270219803e-02
-1.469309069216251373e-02
-1.429061125963926315e-02
-1.381879486143589020e-02
-1.326984073966741562e-02
-1.263502240180969238e-02
-1.190456468611955643e-02
-1.106751617044210434e-02
-1.011158153414726257e-02
-9.022944606840610504e-03
-7.786083500832319260e-03
-6.383500527590513229e-03
-4.795573186129331589e-03
-3.000132972374558449e-03
-9.722997201606631279e-04
1.315882895141839981e-03
3.895769827067852020e-03
6.802404299378395081e-03
1.007481850683689117e-02
1.375623606145381927e-02
1.789424940943717957e-02
2.254074998199939728e-02
2.775168418884277344e-02
3.358658030629158020e-02
4.010763391852378845e-02
4.737852141261100769e-02
5.546285957098007202e-02
6.442224234342575073e-02
7.431474328041076660e-02
8.519352227449417114e-02
9.710735082626342773e-02
1.101035103201866150e-01
1.242351979017257690e-01
1.395760476589202881e-01
1.562432348728179932e-01
1.744293868541717529e-01
1.944379955530166626e-01
2.167036384344100952e-01
2.417656332254409790e-01
2.701656520366668701e-01
3.022833764553070068e-01
3.382101655006408691e-01
3.777597546577453613e-01
4.205048382282257080e-01
4.655922651290893555e-01
5.115359425544738770e-01
5.566133260726928711e-01
5.997081398963928223e-01
6.406524777412414551e-01
6.798616051673889160e-01
7.178291082382202148e-01
7.548492550849914551e-01
7.909480929374694824e-01
8.259101510047912598e-01
8.593311309814453125e-01
8.906679153442382812e-01
9.192885160446166992e-01
9.445185065269470215e-01
9.656891822814941406e-01
9.821870923042297363e-01
9.935016036033630371e-01
9.992660284042358398e-01
9.992899894714355469e-01
9.935759305953979492e-01
9.823197722434997559e-01
9.658948779106140137e-01
9.448220133781433105e-01
9.197295904159545898e-01
8.913103342056274414e-01
8.602773547172546387e-01
8.273265361785888672e-01
7.931054830551147461e-01
7.581900358200073242e-01
7.230708599090576172e-01
6.881437897682189941e-01
6.537062525749206543e-01
6.199564933776855469e-01
5.869928598403930664e-01
5.548139214515686035e-01
5.233194231986999512e-01
4.923173487186431885e-01
4.615428149700164795e-01
4.307029247283935547e-01
3.995608091354370117e-01
3.680582642555236816e-01
3.364433050155639648e-01
3.053237497806549072e-01
2.755665481090545654e-01
2.480554878711700439e-01
2.234368026256561279e-01
2.019917368888854980e-01
1.836609095335006714e-01
1.681519597768783569e-01
1.550586670637130737e-01
1.439534276723861694e-01
1.344437748193740845e-01
1.261983811855316162e-01
1.189523115754127502e-01
1.125007197260856628e-01
1.066884323954582214e-01
1.013988107442855835e-01
9.654437005519866943e-02
9.205899387598037720e-02
8.789220452308654785e-02
8.400485664606094360e-02
8.036601543426513672e-02
7.695084065198898315e-02
7.373891025781631470e-02
7.071309536695480347e-02
6.785876303911209106e-02
6.516319513320922852e-02
6.261517107486724854e-02
6.020465120673179626e-02
5.792253091931343079e-02
5.576055124402046204e-02
5.371109023690223694e-02
5.176711454987525940e-02
4.992210865020751953e-02
4.817000404000282288e-02
4.650516808032989502e-02
4.492232948541641235e-02
4.341658204793930054e-02
4.198330640792846680e-02
4.061822593212127686e-02
3.931731730699539185e-02
3.807683661580085754e-02
3.689326345920562744e-02
3.576333075761795044e-02
3.468395769596099854e-02
3.365227952599525452e-02
3.266561403870582581e-02
3.172146156430244446e-02
3.081746771931648254e-02
2.995143644511699677e-02
2.912131324410438538e-02
2.832517772912979126e-02
2.756122685968875885e-02
2.682777121663093567e-02
2.612322382628917694e-02
2.544611133635044098e-02
2.479502186179161072e-02
2.416866458952426910e-02
2.356580831110477448e-02
2.298530563712120056e-02
2.242605015635490417e-02
2.188703790307044983e-02
2.136730588972568512e-02
2.086594328284263611e-02
2.038210257887840271e-02
1.991497352719306946e-02
1.946379616856575012e-02
1.902785710990428925e-02
1.860647276043891907e-02
1.819901168346405029e-02
1.780486293137073517e-02
1.742344908416271210e-02
1.705423183739185333e-02
1.669669896364212036e-02
1.635035313665866852e-02
1.601473987102508545e-02
1.568942144513130188e-02
1.537397410720586777e-02
1.506800856441259384e-02
1.477114204317331314e-02
1.448301412165164948e-02
1.420329511165618896e-02
1.393165439367294312e-02
1.366778556257486343e-02
1.341138873249292374e-02
1.316219009459018707e-02
1.291991863399744034e-02
1.268432196229696274e-02
1.245515048503875732e-02
1.223217789083719254e-02
1.201517786830663681e-02
1.180394366383552551e-02
1.159826666116714478e-02
1.139795687049627304e-02
1.120282616466283798e-02
1.101269572973251343e-02
1.082739979028701782e-02
1.064677070826292038e-02
1.047065481543540955e-02
1.029890123754739761e-02
1.013136748224496841e-02
9.967911057174205780e-03
9.808408096432685852e-03
9.652728214859962463e-03
9.500748477876186371e-03
9.352352470159530640e-03
9.207425639033317566e-03
9.065865539014339447e-03
8.927564136683940887e-03
8.792421780526638031e-03
8.660343475639820099e-03
8.531235158443450928e-03
8.405011147260665894e-03
8.281582966446876526e-03
8.160869590938091278e-03
8.042789995670318604e-03
7.927270606160163879e-03
7.814234122633934021e-03
7.703610230237245560e-03
7.595332339406013489e-03
7.489333860576152802e-03
7.385549135506153107e-03
7.283915299922227859e-03
7.184376940131187439e-03
7.086874451488256454e-03
6.991353817284107208e-03
6.897758226841688156e-03
6.806037388741970062e-03
