3.701898046003463434e-22
7.147882546159519859e-22
1.374074325911568881e-21
2.629811135181728923e-21
5.010954329888971687e-21
9.506074306145900417e-21
1.795423146086336132e-20
3.376063676244450172e-20
6.320299006175299361e-20
1.177997862353511490e-19
2.185930234199476142e-19
4.038401991493805888e-19
7.427843052324313834e-19
1.360198738682064802e-18
2.479820681599513312e-18
4.501145903008846574e-18
8.134029268342219353e-18
1.463439833358813543e-17
2.621343302114425211e-17
4.674707668830744265e-17
8.299779388613350017e-17
1.467107386758751157e-16
2.581905712788061004e-16
4.523751508379001991e-16
7.891151107220970278e-16
1.370450921900346047e-15
2.369571281812116181e-15
4.079083245630372653e-15
6.990882245110855570e-15
1.192846514651898365e-14
2.026373521562228885e-14
3.427172892808867666e-14
5.770795489688437807e-14
9.674242472650779190e-14
1.614661095800107304e-13
2.683041234931987651e-13
4.438698757505687986e-13
7.310810485640362177e-13
1.198839747092173003e-12
1.957202195451701598e-12
3.181212454919646326e-12
5.147912478242755441e-12
8.293787531754581721e-12
1.330322657588922652e-11
2.124430839578472785e-11
3.377612078914182803e-11
5.346383405435695124e-11
8.425459635530430091e-11
1.321935894083026142e-10
2.064938081636213951e-10
3.211331756070023857e-10
4.972195433161630262e-10
7.664613388413954453e-10
1.176295283400463632e-09
1.797317517038266033e-09
2.734102499957202781e-09
4.140827680743086603e-09
6.243698447150336506e-09
9.373009035584800586e-09
1.400869464873721881e-08
2.084488492926084291e-08
3.088039690624100331e-08
4.554591725991485873e-08
6.688006948252223083e-08
9.777486553730341257e-08
1.423112507836776786e-07
2.062213440012783394e-07
2.975166069063561736e-07
4.273364595519524300e-07
6.110982440077350475e-07
8.700296234565030318e-07
1.233219109053607099e-06
1.740317316034634132e-06
2.445111022097989917e-06
3.420193479541921988e-06
4.763044671562965959e-06
6.603909241675864905e-06
9.115906323131639510e-06
1.252799029316520318e-05
1.714134486974216998e-05
2.335016506549436599e-05
3.166776150465011597e-05
4.275900573702529073e-05
5.748044350184500217e-05
7.692981307627633214e-05
1.025063247652724385e-04
1.359845482511445880e-04
1.796016440493986011e-04
2.361638762522488832e-04
3.091711550951004028e-04
4.029644187539815903e-04
5.228972295299172401e-04
6.755354115739464760e-04
8.688849629834294319e-04
1.112651778385043144e-03
1.418526750057935715e-03
1.800520927645266056e-03
2.275314414873719215e-03
2.862638561055064201e-03
3.585703205317258835e-03
4.471607040613889694e-03
5.551821086555719376e-03
6.862615700811147690e-03
8.445509709417819977e-03
1.034770999103784561e-02
1.262248679995536804e-02
1.532950159162282944e-02
1.853501982986927032e-02
2.231208793818950653e-02
2.674051932990550995e-02
3.190667554736137390e-02
3.790317103266716003e-02
4.482823237776756287e-02
5.278491601347923279e-02
6.188004091382026672e-02
7.222262769937515259e-02
8.392247557640075684e-02
9.708796441555023193e-02
1.118239238858222961e-01
1.282290518283843994e-01
1.463929563760757446e-01
1.663933694362640381e-01
1.882930696010589600e-01
2.121361792087554932e-01
2.379454076290130615e-01
2.657187581062316895e-01
2.954263091087341309e-01
3.270080685615539551e-01
3.603710830211639404e-01
3.953881263732910156e-01
4.318962693214416504e-01
4.696966409683227539e-01
5.085548162460327148e-01
5.482016205787658691e-01
5.883353948593139648e-01
6.286252737045288086e-01
6.687148809432983398e-01
7.082266807556152344e-01
7.467681765556335449e-01
7.839376926422119141e-01
8.193312287330627441e-01
8.525495529174804688e-01
8.832060098648071289e-01
9.109332561492919922e-01
9.353913068771362305e-01
9.562739133834838867e-01
9.733151793479919434e-01
9.862950444221496582e-01
9.950443506240844727e-01
9.994481205940246582e-01
9.994481205940246582e-01
9.950443506240844727e-01
9.862950444221496582e-01
9.733151793479919434e-01
9.562739133834838867e-01
9.353913068771362305e-01
9.109332561492919922e-01
8.832060098648071289e-01
8.525495529174804688e-01
8.193312287330627441e-01
7.839376926422119141e-01
7.467681765556335449e-01
7.082266807556152344e-01
6.687148809432983398e-01
6.286252737045288086e-01
5.883353948593139648e-01
5.482016205787658691e-01
5.085548162460327148e-01
4.696966409683227539e-01
4.318962693214416504e-01
3.953881263732910156e-01
3.603710830211639404e-01
3.270080685615539551e-01
2.954263091087341309e-01
2.657187581062316895e-01
2.379454076290130615e-01
2.121361792087554932e-01
1.882930696010589600e-01
1.663933694362640381e-01
1.463929563760757446e-01
1.282290518283843994e-01
1.118239238858222961e-01
9.708796441555023193e-02
8.392247557640075684e-02
7.222262769937515259e-02
6.188004091382026672e-02
5.278491601347923279e-02
4.482823237776756287e-02
3.790317103266716003e-02
3.190667554736137390e-02
2.674051932990550995e-02
2.231208793818950653e-02
1.853501982986927032e-02
1.532950159162282944e-02
1.262248679995536804e-02
1.034770999103784561e-02
8.445509709417819977e-03
6.862615700811147690e-03
5.551821086555719376e-03
4.471607040613889694e-03
3.585703205317258835e-03
2.862638561055064201e-03
2.275314414873719215e-03
1.800520927645266056e-03
1.418526750057935715e-03
1.112651778385043144e-03
8.688849629834294319e-04
6.755354115739464760e-04
5.228972295299172401e-04
4.029644187539815903e-04
3.091711550951004028e-04
2.361638762522488832e-04
1.796016440493986011e-04
1.359845482511445880e-04
1.025063247652724385e-04
7.692981307627633214e-05
5.748044350184500217e-05
4.275900573702529073e-05
3.166776150465011597e-05
2.335016506549436599e-05
1.714134486974216998e-05
1.252799029316520318e-05
9.115906323131639510e-06
6.603909241675864905e-06
4.763044671562965959e-06
3.420193479541921988e-06
2.445111022097989917e-06
1.740317316034634132e-06
1.233219109053607099e-06
8.700296234565030318e-07
6.110982440077350475e-07
4.273364595519524300e-07
2.975166069063561736e-07
2.062213440012783394e-07
1.423112507836776786e-07
9.777486553730341257e-08
6.688006948252223083e-08
4.554591725991485873e-08
3.088039690624100331e-08
2.084488492926084291e-08
1.400869464873721881e-08
9.373009035584800586e-09
6.243698447150336506e-09
4.140827680743086603e-09
2.734102499957202781e-09
1.797317517038266033e-09
1.176295283400463632e-09
7.664613388413954453e-10
4.972195433161630262e-10
3.211331756070023857e-10
2.064938081636213951e-10
1.321935894083026142e-10
8.425459635530430091e-11
5.346383405435695124e-11
3.377612078914182803e-11
2.124430839578472785e-11
1.330322657588922652e-11
8.293787531754581721e-12
5.147912478242755441e-12
3.181212454919646326e-12
1.957202195451701598e-12
1.198839747092173003e-12
7.310810485640362177e-13
4.438698757505687986e-13
2.683041234931987651e-13
1.614661095800107304e-13
9.674242472650779190e-14
5.770795489688437807e-14
3.427172892808867666e-14
2.026373521562228885e-14
1.192846514651898365e-14
6.990882245110855570e-15
4.079083245630372653e-15
2.369571281812116181e-15
1.370450921900346047e-15
7.891151107220970278e-16
4.523751508379001991e-16
2.581905712788061004e-16
1.467107386758751157e-16
8.299779388613350017e-17
4.674707668830744265e-17
2.621343302114425211e-17
1.463439833358813543e-17
8.134029268342219353e-18
4.501145903008846574e-18
2.479820681599513312e-18
1.360198738682064802e-18
7.427843052324313834e-19
4.038401991493805888e-19
2.185930234199476142e-19
1.177997862353511490e-19
6.320299006175299361e-20
3.376063676244450172e-20
1.795423146086336132e-20
9.506074306145900417e-21
5.010954329888971687e-21
2.629811135181728923e-21
1.374074325911568881e-21
7.147882546159519859e-22
3.701898046003463434e-22
